   6.5535055e+00
   6.5378126e+00
   6.5221958e+00
   6.5066547e+00
   6.4911888e+00
   6.4757973e+00
   6.4604799e+00
   6.4452360e+00
   6.4300650e+00
   6.4149665e+00
   6.3999398e+00
   6.3849846e+00
   6.3701003e+00
   6.3552864e+00
   6.3405424e+00
   6.3258678e+00
   6.3112621e+00
   6.2967249e+00
   6.2822556e+00
   6.2678538e+00
   6.2535190e+00
   6.2392507e+00
   6.2250485e+00
   6.2109120e+00
   6.1968406e+00
   6.1828339e+00
   6.1688916e+00
   6.1550130e+00
   6.1411979e+00
   6.1274457e+00
   6.1137561e+00
   6.1001286e+00
   6.0865627e+00
   6.0730582e+00
   6.0596145e+00
   6.0462312e+00
   6.0329080e+00
   6.0196445e+00
   6.0064402e+00
   5.9932947e+00
   5.9802077e+00
   5.9671787e+00
   5.9542075e+00
   5.9412935e+00
   5.9284365e+00
   5.9156360e+00
   5.9028916e+00
   5.8902031e+00
   5.8775701e+00
   5.8649921e+00
   5.8524688e+00
   5.8399999e+00
   5.8275850e+00
   5.8152237e+00
   5.8029158e+00
   5.7906608e+00
   5.7784585e+00
   5.7663085e+00
   5.7542104e+00
   5.7421639e+00
   5.7301688e+00
   5.7182246e+00
   5.7063310e+00
   5.6944878e+00
   5.6826946e+00
   5.6709511e+00
   5.6592570e+00
   5.6476119e+00
   5.6360156e+00
   5.6244677e+00
   5.6129680e+00
   5.6015161e+00
   5.5901118e+00
   5.5787548e+00
   5.5674447e+00
   5.5561813e+00
   5.5449643e+00
   5.5337934e+00
   5.5226683e+00
   5.5115888e+00
   5.5005545e+00
   5.4895652e+00
   5.4786206e+00
   5.4677204e+00
   5.4568644e+00
   5.4460523e+00
   5.4352838e+00
   5.4245588e+00
   5.4138768e+00
   5.4032377e+00
   5.3926411e+00
   5.3820869e+00
   5.3715748e+00
   5.3611046e+00
   5.3506759e+00
   5.3402885e+00
   5.3299423e+00
   5.3196369e+00
   5.3093721e+00
   5.2991477e+00
   5.2889635e+00
   5.2788191e+00
   5.2687144e+00
   5.2586491e+00
   5.2486230e+00
   5.2386359e+00
   5.2286876e+00
   5.2187778e+00
   5.2089062e+00
   5.1990728e+00
   5.1892772e+00
   5.1795193e+00
   5.1697988e+00
   5.1601155e+00
   5.1504692e+00
   5.1408597e+00
   5.1312868e+00
   5.1217502e+00
   5.1122498e+00
   5.1027854e+00
   5.0933567e+00
   5.0839636e+00
   5.0746058e+00
   5.0652832e+00
   5.0559955e+00
   5.0467426e+00
   5.0375243e+00
   5.0283403e+00
   5.0191905e+00
   5.0100747e+00
   5.0009927e+00
   4.9919444e+00
   4.9829294e+00
   4.9739477e+00
   4.9649991e+00
   4.9560833e+00
   4.9472003e+00
   4.9383498e+00
   4.9295316e+00
   4.9207455e+00
   4.9119915e+00
   4.9032693e+00
   4.8945787e+00
   4.8859196e+00
   4.8772918e+00
   4.8686952e+00
   4.8601295e+00
   4.8515946e+00
   4.8430903e+00
   4.8346165e+00
   4.8261730e+00
   4.8177596e+00
   4.8093763e+00
   4.8010227e+00
   4.7926988e+00
   4.7844045e+00
   4.7761394e+00
   4.7679036e+00
   4.7596968e+00
   4.7515189e+00
   4.7433698e+00
   4.7352492e+00
   4.7271570e+00
   4.7190932e+00
   4.7110575e+00
   4.7030497e+00
   4.6950699e+00
   4.6871177e+00
   4.6791931e+00
   4.6712959e+00
   4.6634260e+00
   4.6555832e+00
   4.6477674e+00
   4.6399784e+00
   4.6322162e+00
   4.6244805e+00
   4.6167713e+00
   4.6090884e+00
   4.6014317e+00
   4.5938010e+00
   4.5861963e+00
   4.5786173e+00
   4.5710639e+00
   4.5635361e+00
   4.5560336e+00
   4.5485565e+00
   4.5411044e+00
   4.5336774e+00
   4.5262752e+00
   4.5188978e+00
   4.5115451e+00
   4.5042168e+00
   4.4969129e+00
   4.4896333e+00
   4.4823779e+00
   4.4751465e+00
   4.4679390e+00
   4.4607552e+00
   4.4535952e+00
   4.4464587e+00
   4.4393456e+00
   4.4322559e+00
   4.4251894e+00
   4.4181460e+00
   4.4111255e+00
   4.4041280e+00
   4.3971532e+00
   4.3902010e+00
   4.3832714e+00
   4.3763642e+00
   4.3694794e+00
   4.3626168e+00
   4.3557762e+00
   4.3489577e+00
   4.3421611e+00
   4.3353862e+00
   4.3286331e+00
   4.3219015e+00
   4.3151914e+00
   4.3085027e+00
   4.3018353e+00
   4.2951891e+00
   4.2885639e+00
   4.2819597e+00
   4.2753763e+00
   4.2688138e+00
   4.2622719e+00
   4.2557506e+00
   4.2492498e+00
   4.2427694e+00
   4.2363093e+00
   4.2298694e+00
   4.2234495e+00
   4.2170497e+00
   4.2106698e+00
   4.2043098e+00
   4.1979695e+00
   4.1916488e+00
   4.1853476e+00
   4.1790659e+00
   4.1728036e+00
   4.1665606e+00
   4.1603368e+00
   4.1541320e+00
   4.1479463e+00
   4.1417795e+00
   4.1356316e+00
   4.1295024e+00
   4.1233919e+00
   4.1173000e+00
   4.1112265e+00
   4.1051715e+00
   4.0991349e+00
   4.0931165e+00
   4.0871162e+00
   4.0811341e+00
   4.0751699e+00
   4.0692237e+00
   4.0632953e+00
   4.0573847e+00
   4.0514917e+00
   4.0456164e+00
   4.0397586e+00
   4.0339183e+00
   4.0280953e+00
   4.0222896e+00
   4.0165012e+00
   4.0107298e+00
   4.0049756e+00
   3.9992383e+00
   3.9935180e+00
   3.9878145e+00
   3.9821278e+00
   3.9764577e+00
   3.9708043e+00
   3.9651674e+00
   3.9595470e+00
   3.9539430e+00
   3.9483554e+00
   3.9427840e+00
   3.9372288e+00
   3.9316897e+00
   3.9261666e+00
   3.9206596e+00
   3.9151684e+00
   3.9096931e+00
   3.9042336e+00
   3.8987898e+00
   3.8933616e+00
   3.8879490e+00
   3.8825519e+00
   3.8771702e+00
   3.8718040e+00
   3.8664530e+00
   3.8611172e+00
   3.8557967e+00
   3.8504912e+00
   3.8452009e+00
   3.8399254e+00
   3.8346650e+00
   3.8294193e+00
   3.8241885e+00
   3.8189724e+00
   3.8137710e+00
   3.8085842e+00
   3.8034119e+00
   3.7982542e+00
   3.7931108e+00
   3.7879818e+00
   3.7828672e+00
   3.7777667e+00
   3.7726805e+00
   3.7676084e+00
   3.7625504e+00
   3.7575064e+00
   3.7524763e+00
   3.7474602e+00
   3.7424578e+00
   3.7374693e+00
   3.7324945e+00
   3.7275333e+00
   3.7225858e+00
   3.7176519e+00
   3.7127314e+00
   3.7078244e+00
   3.7029308e+00
   3.6980505e+00
   3.6931835e+00
   3.6883297e+00
   3.6834891e+00
   3.6786616e+00
   3.6738472e+00
   3.6690459e+00
   3.6642575e+00
   3.6594819e+00
   3.6547193e+00
   3.6499695e+00
   3.6452324e+00
   3.6405080e+00
   3.6357963e+00
   3.6310972e+00
   3.6264106e+00
   3.6217366e+00
   3.6170750e+00
   3.6124258e+00
   3.6077890e+00
   3.6031645e+00
   3.5985522e+00
   3.5939521e+00
   3.5893642e+00
   3.5847884e+00
   3.5802247e+00
   3.5756730e+00
   3.5711333e+00
   3.5666055e+00
   3.5620896e+00
   3.5575855e+00
   3.5530932e+00
   3.5486126e+00
   3.5441437e+00
   3.5396865e+00
   3.5352408e+00
   3.5308068e+00
   3.5263842e+00
   3.5219731e+00
   3.5175735e+00
   3.5131852e+00
   3.5088082e+00
   3.5044425e+00
   3.5000881e+00
   3.4957449e+00
   3.4914129e+00
   3.4870919e+00
   3.4827821e+00
   3.4784833e+00
   3.4741954e+00
   3.4699186e+00
   3.4656526e+00
   3.4613975e+00
   3.4571532e+00
   3.4529197e+00
   3.4486970e+00
   3.4444849e+00
   3.4402836e+00
   3.4360928e+00
   3.4319126e+00
   3.4277430e+00
   3.4235838e+00
   3.4194352e+00
   3.4152969e+00
   3.4111691e+00
   3.4070515e+00
   3.4029443e+00
   3.3988474e+00
   3.3947607e+00
   3.3906842e+00
   3.3866178e+00
   3.3825616e+00
   3.3785154e+00
   3.3744793e+00
   3.3704532e+00
   3.3664370e+00
   3.3624308e+00
   3.3584345e+00
   3.3544480e+00
   3.3504713e+00
   3.3465045e+00
   3.3425474e+00
   3.3386000e+00
   3.3346623e+00
   3.3307342e+00
   3.3268157e+00
   3.3229068e+00
   3.3190075e+00
   3.3151176e+00
   3.3112372e+00
   3.3073663e+00
   3.3035047e+00
   3.2996525e+00
   3.2958097e+00
   3.2919761e+00
   3.2881518e+00
   3.2843368e+00
   3.2805309e+00
   3.2767342e+00
   3.2729466e+00
   3.2691682e+00
   3.2653988e+00
   3.2616384e+00
   3.2578870e+00
   3.2541447e+00
   3.2504112e+00
   3.2466867e+00
   3.2429710e+00
   3.2392641e+00
   3.2355661e+00
   3.2318769e+00
   3.2281964e+00
   3.2245246e+00
   3.2208616e+00
   3.2172071e+00
   3.2135613e+00
   3.2099241e+00
   3.2062955e+00
   3.2026754e+00
   3.1990638e+00
   3.1954607e+00
   3.1918660e+00
   3.1882798e+00
   3.1847019e+00
   3.1811324e+00
   3.1775712e+00
   3.1740183e+00
   3.1704737e+00
   3.1669373e+00
   3.1634092e+00
   3.1598892e+00
   3.1563774e+00
   3.1528737e+00
   3.1493782e+00
   3.1458907e+00
   3.1424112e+00
   3.1389398e+00
   3.1354763e+00
   3.1320208e+00
   3.1285733e+00
   3.1251336e+00
   3.1217019e+00
   3.1182780e+00
   3.1148619e+00
   3.1114536e+00
   3.1080531e+00
   3.1046603e+00
   3.1012753e+00
   3.0978980e+00
   3.0945283e+00
   3.0911663e+00
   3.0878119e+00
   3.0844651e+00
   3.0811258e+00
   3.0777941e+00
   3.0744699e+00
   3.0711532e+00
   3.0678440e+00
   3.0645422e+00
   3.0612478e+00
   3.0579608e+00
   3.0546812e+00
   3.0514089e+00
   3.0481439e+00
   3.0448862e+00
   3.0416358e+00
   3.0383927e+00
   3.0351567e+00
   3.0319280e+00
   3.0287064e+00
   3.0254920e+00
   3.0222847e+00
   3.0190845e+00
   3.0158914e+00
   3.0127053e+00
   3.0095262e+00
   3.0063542e+00
   3.0031892e+00
   3.0000311e+00
   2.9968799e+00
   2.9937357e+00
   2.9905984e+00
   2.9874679e+00
   2.9843443e+00
   2.9812275e+00
   2.9781175e+00
   2.9750143e+00
   2.9719179e+00
   2.9688282e+00
   2.9657452e+00
   2.9626689e+00
   2.9595993e+00
   2.9565364e+00
   2.9534800e+00
   2.9504303e+00
   2.9473872e+00
   2.9443506e+00
   2.9413206e+00
   2.9382971e+00
   2.9352801e+00
   2.9322696e+00
   2.9292655e+00
   2.9262679e+00
   2.9232767e+00
   2.9202919e+00
   2.9173135e+00
   2.9143414e+00
   2.9113757e+00
   2.9084163e+00
   2.9054632e+00
   2.9025164e+00
   2.8995759e+00
   2.8966416e+00
   2.8937135e+00
   2.8907916e+00
   2.8878758e+00
   2.8849663e+00
   2.8820629e+00
   2.8791656e+00
   2.8762744e+00
   2.8733893e+00
   2.8705102e+00
   2.8676372e+00
   2.8647703e+00
   2.8619093e+00
   2.8590544e+00
   2.8562054e+00
   2.8533623e+00
   2.8505252e+00
   2.8476940e+00
   2.8448687e+00
   2.8420493e+00
   2.8392357e+00
   2.8364280e+00
   2.8336261e+00
   2.8308300e+00
   2.8280397e+00
   2.8252552e+00
   2.8224764e+00
   2.8197034e+00
   2.8169360e+00
   2.8141744e+00
   2.8114185e+00
   2.8086682e+00
   2.8059236e+00
   2.8031846e+00
   2.8004512e+00
   2.7977234e+00
   2.7950012e+00
   2.7922845e+00
   2.7895734e+00
   2.7868679e+00
   2.7841678e+00
   2.7814732e+00
   2.7787841e+00
   2.7761005e+00
   2.7734223e+00
   2.7707496e+00
   2.7680822e+00
   2.7654203e+00
   2.7627637e+00
   2.7601125e+00
   2.7574667e+00
   2.7548262e+00
   2.7521910e+00
   2.7495611e+00
   2.7469364e+00
   2.7443171e+00
   2.7417030e+00
   2.7390941e+00
   2.7364905e+00
   2.7338920e+00
   2.7312988e+00
   2.7287107e+00
   2.7261278e+00
   2.7235500e+00
   2.7209774e+00
   2.7184098e+00
   2.7158474e+00
   2.7132901e+00
   2.7107378e+00
   2.7081906e+00
   2.7056484e+00
   2.7031112e+00
   2.7005790e+00
   2.6980519e+00
   2.6955297e+00
   2.6930125e+00
   2.6905002e+00
   2.6879929e+00
   2.6854905e+00
   2.6829930e+00
   2.6805004e+00
   2.6780126e+00
   2.6755298e+00
   2.6730518e+00
   2.6705786e+00
   2.6681102e+00
   2.6656467e+00
   2.6631879e+00
   2.6607340e+00
   2.6582848e+00
   2.6558403e+00
   2.6534006e+00
   2.6509656e+00
   2.6485353e+00
   2.6461097e+00
   2.6436888e+00
   2.6412726e+00
   2.6388611e+00
   2.6364541e+00
   2.6340518e+00
   2.6316542e+00
   2.6292611e+00
   2.6268726e+00
   2.6244887e+00
   2.6221094e+00
   2.6197346e+00
   2.6173644e+00
   2.6149987e+00
   2.6126375e+00
   2.6102808e+00
   2.6079286e+00
   2.6055808e+00
   2.6032376e+00
   2.6008987e+00
   2.5985644e+00
   2.5962344e+00
   2.5939089e+00
   2.5915877e+00
   2.5892710e+00
   2.5869586e+00
   2.5846506e+00
   2.5823469e+00
   2.5800476e+00
   2.5777526e+00
   2.5754619e+00
   2.5731755e+00
   2.5708934e+00
   2.5686156e+00
   2.5663421e+00
   2.5640728e+00
   2.5618077e+00
   2.5595469e+00
   2.5572903e+00
   2.5550379e+00
   2.5527897e+00
   2.5505457e+00
   2.5483059e+00
   2.5460702e+00
   2.5438387e+00
   2.5416113e+00
   2.5393881e+00
   2.5371689e+00
   2.5349539e+00
   2.5327429e+00
   2.5305361e+00
   2.5283333e+00
   2.5261345e+00
   2.5239399e+00
   2.5217492e+00
   2.5195626e+00
   2.5173800e+00
   2.5152014e+00
   2.5130268e+00
   2.5108562e+00
   2.5086895e+00
   2.5065268e+00
   2.5043681e+00
   2.5022133e+00
   2.5000624e+00
   2.4979155e+00
   2.4957724e+00
   2.4936333e+00
   2.4914980e+00
   2.4893666e+00
   2.4872391e+00
   2.4851155e+00
   2.4829956e+00
   2.4808796e+00
   2.4787675e+00
   2.4766591e+00
   2.4745546e+00
   2.4724539e+00
   2.4703569e+00
   2.4682637e+00
   2.4661743e+00
   2.4640886e+00
   2.4620067e+00
   2.4599285e+00
   2.4578540e+00
   2.4557832e+00
   2.4537162e+00
   2.4516528e+00
   2.4495931e+00
   2.4475371e+00
   2.4454848e+00
   2.4434361e+00
   2.4413910e+00
   2.4393496e+00
   2.4373119e+00
   2.4352777e+00
   2.4332471e+00
   2.4312202e+00
   2.4291968e+00
   2.4271770e+00
   2.4251608e+00
   2.4231481e+00
   2.4211390e+00
   2.4191334e+00
   2.4171314e+00
   2.4151329e+00
   2.4131379e+00
   2.4111464e+00
   2.4091584e+00
   2.4071738e+00
   2.4051928e+00
   2.4032152e+00
   2.4012411e+00
   2.3992704e+00
   2.3973032e+00
   2.3953394e+00
   2.3933790e+00
   2.3914221e+00
   2.3894685e+00
   2.3875184e+00
   2.3855716e+00
   2.3836282e+00
   2.3816882e+00
   2.3797516e+00
   2.3778182e+00
   2.3758883e+00
   2.3739617e+00
   2.3720384e+00
   2.3701184e+00
   2.3682017e+00
   2.3662884e+00
   2.3643783e+00
   2.3624715e+00
   2.3605680e+00
   2.3586678e+00
   2.3567708e+00
   2.3548771e+00
   2.3529866e+00
   2.3510993e+00
   2.3492153e+00
   2.3473345e+00
   2.3454569e+00
   2.3435825e+00
   2.3417113e+00
   2.3398433e+00
   2.3379785e+00
   2.3361168e+00
   2.3342584e+00
   2.3324030e+00
   2.3305508e+00
   2.3287018e+00
   2.3268558e+00
   2.3250130e+00
   2.3231733e+00
   2.3213368e+00
   2.3195033e+00
   2.3176729e+00
   2.3158456e+00
   2.3140214e+00
   2.3122002e+00
   2.3103821e+00
   2.3085670e+00
   2.3067550e+00
   2.3049461e+00
   2.3031401e+00
   2.3013372e+00
   2.2995373e+00
   2.2977405e+00
   2.2959466e+00
   2.2941557e+00
   2.2923678e+00
   2.2905828e+00
   2.2888009e+00
   2.2870219e+00
   2.2852459e+00
   2.2834728e+00
   2.2817026e+00
   2.2799354e+00
   2.2781711e+00
   2.2764098e+00
   2.2746513e+00
   2.2728958e+00
   2.2711431e+00
   2.2693934e+00
   2.2676465e+00
   2.2659025e+00
   2.2641614e+00
   2.2624232e+00
   2.2606878e+00
   2.2589552e+00
   2.2572255e+00
   2.2554986e+00
   2.2537746e+00
   2.2520534e+00
   2.2503350e+00
   2.2486194e+00
   2.2469066e+00
   2.2451966e+00
   2.2434894e+00
   2.2417849e+00
   2.2400833e+00
   2.2383844e+00
   2.2366883e+00
   2.2349949e+00
   2.2333043e+00
   2.2316164e+00
   2.2299313e+00
   2.2282488e+00
   2.2265691e+00
   2.2248922e+00
   2.2232179e+00
   2.2215463e+00
   2.2198774e+00
   2.2182113e+00
   2.2165478e+00
   2.2148869e+00
   2.2132288e+00
   2.2115733e+00
   2.2099205e+00
   2.2082703e+00
   2.2066227e+00
   2.2049778e+00
   2.2033356e+00
   2.2016959e+00
   2.2000589e+00
   2.1984245e+00
   2.1967927e+00
   2.1951635e+00
   2.1935369e+00
   2.1919129e+00
   2.1902915e+00
   2.1886726e+00
   2.1870564e+00
   2.1854426e+00
   2.1838315e+00
   2.1822229e+00
   2.1806168e+00
   2.1790133e+00
   2.1774123e+00
   2.1758139e+00
   2.1742180e+00
   2.1726245e+00
   2.1710336e+00
   2.1694453e+00
   2.1678594e+00
   2.1662760e+00
   2.1646950e+00
   2.1631166e+00
   2.1615407e+00
   2.1599672e+00
   2.1583962e+00
   2.1568276e+00
   2.1552615e+00
   2.1536978e+00
   2.1521366e+00
   2.1505779e+00
   2.1490215e+00
   2.1474676e+00
   2.1459161e+00
   2.1443670e+00
   2.1428203e+00
   2.1412760e+00
   2.1397342e+00
   2.1381947e+00
   2.1366576e+00
   2.1351229e+00
   2.1335905e+00
   2.1320606e+00
   2.1305330e+00
   2.1290077e+00
   2.1274848e+00
   2.1259643e+00
   2.1244461e+00
   2.1229302e+00
   2.1214167e+00
   2.1199055e+00
   2.1183966e+00
   2.1168900e+00
   2.1153858e+00
   2.1138838e+00
   2.1123842e+00
   2.1108869e+00
   2.1093918e+00
   2.1078990e+00
   2.1064085e+00
   2.1049203e+00
   2.1034344e+00
   2.1019507e+00
   2.1004693e+00
   2.0989901e+00
   2.0975132e+00
   2.0960385e+00
   2.0945661e+00
   2.0930959e+00
   2.0916279e+00
   2.0901622e+00
   2.0886987e+00
   2.0872374e+00
   2.0857783e+00
   2.0843214e+00
   2.0828667e+00
   2.0814142e+00
   2.0799639e+00
   2.0785157e+00
   2.0770698e+00
   2.0756260e+00
   2.0741844e+00
   2.0727450e+00
   2.0713077e+00
   2.0698726e+00
   2.0684397e+00
   2.0670088e+00
   2.0655802e+00
   2.0641536e+00
   2.0627292e+00
   2.0613070e+00
   2.0598868e+00
   2.0584688e+00
   2.0570528e+00
   2.0556390e+00
   2.0542273e+00
   2.0528177e+00
   2.0514102e+00
   2.0500048e+00
   2.0486015e+00
   2.0472002e+00
   2.0458010e+00
   2.0444039e+00
   2.0430089e+00
   2.0416159e+00
   2.0402250e+00
   2.0388361e+00
   2.0374493e+00
   2.0360646e+00
   2.0346818e+00
   2.0333012e+00
   2.0319225e+00
   2.0305459e+00
   2.0291713e+00
   2.0277987e+00
   2.0264281e+00
   2.0250596e+00
   2.0236930e+00
   2.0223284e+00
   2.0209659e+00
   2.0196053e+00
   2.0182468e+00
   2.0168902e+00
   2.0155356e+00
   2.0141829e+00
   2.0128323e+00
   2.0114836e+00
   2.0101368e+00
   2.0087921e+00
   2.0074492e+00
   2.0061084e+00
   2.0047694e+00
   2.0034325e+00
   2.0020974e+00
   2.0007643e+00
   1.9994331e+00
   1.9981039e+00
   1.9967765e+00
   1.9954511e+00
   1.9941276e+00
   1.9928060e+00
   1.9914863e+00
   1.9901686e+00
   1.9888527e+00
   1.9875387e+00
   1.9862266e+00
   1.9849163e+00
   1.9836080e+00
   1.9823015e+00
   1.9809969e+00
   1.9796942e+00
   1.9783934e+00
   1.9770944e+00
   1.9757972e+00
   1.9745019e+00
   1.9732085e+00
   1.9719169e+00
   1.9706272e+00
   1.9693393e+00
   1.9680532e+00
   1.9667689e+00
   1.9654865e+00
   1.9642059e+00
   1.9629271e+00
   1.9616502e+00
   1.9603750e+00
   1.9591017e+00
   1.9578301e+00
   1.9565604e+00
   1.9552924e+00
   1.9540263e+00
   1.9527619e+00
   1.9514993e+00
   1.9502385e+00
   1.9489795e+00
   1.9477222e+00
   1.9464668e+00
   1.9452131e+00
   1.9439611e+00
   1.9427109e+00
   1.9414625e+00
   1.9402158e+00
   1.9389708e+00
   1.9377277e+00
   1.9364862e+00
   1.9352465e+00
   1.9340085e+00
   1.9327723e+00
   1.9315377e+00
   1.9303049e+00
   1.9290738e+00
   1.9278445e+00
   1.9266168e+00
   1.9253909e+00
   1.9241666e+00
   1.9229441e+00
   1.9217233e+00
   1.9205041e+00
   1.9192867e+00
   1.9180709e+00
   1.9168568e+00
   1.9156444e+00
   1.9144337e+00
   1.9132247e+00
   1.9120173e+00
   1.9108116e+00
   1.9096075e+00
   1.9084052e+00
   1.9072044e+00
   1.9060054e+00
   1.9048079e+00
   1.9036122e+00
   1.9024180e+00
   1.9012256e+00
   1.9000347e+00
   1.8988455e+00
   1.8976579e+00
   1.8964719e+00
   1.8952876e+00
   1.8941049e+00
   1.8929238e+00
   1.8917443e+00
   1.8905664e+00
   1.8893902e+00
   1.8882155e+00
   1.8870425e+00
   1.8858710e+00
   1.8847011e+00
   1.8835329e+00
   1.8823662e+00
   1.8812011e+00
   1.8800376e+00
   1.8788756e+00
   1.8777153e+00
   1.8765565e+00
   1.8753993e+00
   1.8742436e+00
   1.8730896e+00
   1.8719370e+00
   1.8707861e+00
   1.8696366e+00
   1.8684888e+00
   1.8673425e+00
   1.8661977e+00
   1.8650545e+00
   1.8639128e+00
   1.8627726e+00
   1.8616340e+00
   1.8604969e+00
   1.8593613e+00
   1.8582273e+00
   1.8570948e+00
   1.8559638e+00
   1.8548343e+00
   1.8537063e+00
   1.8525799e+00
   1.8514549e+00
   1.8503314e+00
   1.8492095e+00
   1.8480890e+00
   1.8469701e+00
   1.8458526e+00
   1.8447366e+00
   1.8436221e+00
   1.8425091e+00
   1.8413975e+00
   1.8402875e+00
   1.8391789e+00
   1.8380717e+00
   1.8369661e+00
   1.8358619e+00
   1.8347592e+00
   1.8336579e+00
   1.8325581e+00
   1.8314598e+00
   1.8303629e+00
   1.8292674e+00
   1.8281734e+00
   1.8270808e+00
   1.8259897e+00
   1.8249000e+00
   1.8238117e+00
   1.8227249e+00
   1.8216395e+00
   1.8205556e+00
   1.8194730e+00
   1.8183919e+00
   1.8173122e+00
   1.8162339e+00
   1.8151570e+00
   1.8140815e+00
   1.8130075e+00
   1.8119348e+00
   1.8108635e+00
   1.8097937e+00
   1.8087252e+00
   1.8076581e+00
   1.8065925e+00
   1.8055282e+00
   1.8044653e+00
   1.8034037e+00
   1.8023436e+00
   1.8012848e+00
   1.8002274e+00
   1.7991714e+00
   1.7981167e+00
   1.7970635e+00
   1.7960115e+00
   1.7949610e+00
   1.7939118e+00
   1.7928639e+00
   1.7918175e+00
   1.7907723e+00
   1.7897285e+00
   1.7886861e+00
   1.7876450e+00
   1.7866052e+00
   1.7855668e+00
   1.7845297e+00
   1.7834940e+00
   1.7824596e+00
   1.7814265e+00
   1.7803947e+00
   1.7793643e+00
   1.7783352e+00
   1.7773074e+00
   1.7762809e+00
   1.7752557e+00
   1.7742319e+00
   1.7732093e+00
   1.7721881e+00
   1.7711681e+00
   1.7701495e+00
   1.7691322e+00
   1.7681161e+00
   1.7671014e+00
   1.7660879e+00
   1.7650758e+00
   1.7640649e+00
   1.7630553e+00
   1.7620470e+00
   1.7610400e+00
   1.7600342e+00
   1.7590297e+00
   1.7580265e+00
   1.7570246e+00
   1.7560239e+00
   1.7550245e+00
   1.7540264e+00
   1.7530295e+00
   1.7520339e+00
   1.7510395e+00
   1.7500464e+00
   1.7490546e+00
   1.7480640e+00
   1.7470746e+00
   1.7460865e+00
   1.7450996e+00
   1.7441140e+00
   1.7431296e+00
   1.7421464e+00
   1.7411645e+00
   1.7401838e+00
   1.7392043e+00
   1.7382261e+00
   1.7372491e+00
   1.7362733e+00
   1.7352987e+00
   1.7343254e+00
   1.7333532e+00
   1.7323823e+00
   1.7314126e+00
   1.7304441e+00
   1.7294768e+00
   1.7285107e+00
   1.7275458e+00
   1.7265821e+00
   1.7256196e+00
   1.7246583e+00
   1.7236982e+00
   1.7227393e+00
   1.7217816e+00
   1.7208250e+00
   1.7198697e+00
   1.7189155e+00
   1.7179625e+00
   1.7170107e+00
   1.7160600e+00
   1.7151106e+00
   1.7141623e+00
   1.7132152e+00
   1.7122692e+00
   1.7113244e+00
   1.7103808e+00
   1.7094383e+00
   1.7084970e+00
   1.7075569e+00
   1.7066179e+00
   1.7056801e+00
   1.7047434e+00
   1.7038078e+00
   1.7028735e+00
   1.7019402e+00
   1.7010081e+00
   1.7000772e+00
   1.6991473e+00
   1.6982186e+00
   1.6972911e+00
   1.6963647e+00
   1.6954394e+00
   1.6945152e+00
   1.6935922e+00
   1.6926703e+00
   1.6917495e+00
   1.6908298e+00
   1.6899113e+00
   1.6889939e+00
   1.6880775e+00
   1.6871623e+00
   1.6862483e+00
   1.6853353e+00
   1.6844234e+00
   1.6835126e+00
   1.6826030e+00
   1.6816944e+00
   1.6807869e+00
   1.6798806e+00
   1.6789753e+00
   1.6780711e+00
   1.6771680e+00
   1.6762660e+00
   1.6753651e+00
   1.6744653e+00
   1.6735665e+00
   1.6726688e+00
   1.6717723e+00
   1.6708768e+00
   1.6699823e+00
   1.6690890e+00
   1.6681967e+00
   1.6673055e+00
   1.6664153e+00
   1.6655262e+00
   1.6646382e+00
   1.6637513e+00
   1.6628654e+00
   1.6619806e+00
   1.6610968e+00
   1.6602141e+00
   1.6593324e+00
   1.6584518e+00
   1.6575722e+00
   1.6566937e+00
   1.6558162e+00
   1.6549398e+00
   1.6540644e+00
   1.6531901e+00
   1.6523168e+00
   1.6514445e+00
   1.6505733e+00
   1.6497031e+00
   1.6488340e+00
   1.6479658e+00
   1.6470987e+00
   1.6462326e+00
   1.6453676e+00
   1.6445036e+00
   1.6436405e+00
   1.6427786e+00
   1.6419176e+00
   1.6410576e+00
   1.6401987e+00
   1.6393408e+00
   1.6384838e+00
   1.6376279e+00
   1.6367730e+00
   1.6359191e+00
   1.6350662e+00
   1.6342144e+00
   1.6333635e+00
   1.6325136e+00
   1.6316647e+00
   1.6308168e+00
   1.6299699e+00
   1.6291240e+00
   1.6282790e+00
   1.6274351e+00
   1.6265922e+00
   1.6257502e+00
   1.6249092e+00
   1.6240692e+00
   1.6232302e+00
   1.6223922e+00
   1.6215551e+00
   1.6207190e+00
   1.6198839e+00
   1.6190498e+00
   1.6182166e+00
   1.6173844e+00
   1.6165532e+00
   1.6157229e+00
   1.6148936e+00
   1.6140652e+00
   1.6132379e+00
   1.6124114e+00
   1.6115860e+00
   1.6107615e+00
   1.6099379e+00
   1.6091153e+00
   1.6082936e+00
   1.6074729e+00
   1.6066532e+00
   1.6058344e+00
   1.6050165e+00
   1.6041996e+00
   1.6033836e+00
   1.6025685e+00
   1.6017544e+00
   1.6009413e+00
   1.6001290e+00
   1.5993177e+00
   1.5985073e+00
   1.5976979e+00
   1.5968894e+00
   1.5960818e+00
   1.5952752e+00
   1.5944694e+00
   1.5936646e+00
   1.5928607e+00
   1.5920577e+00
   1.5912557e+00
   1.5904546e+00
   1.5896543e+00
   1.5888550e+00
   1.5880566e+00
   1.5872591e+00
   1.5864626e+00
   1.5856669e+00
   1.5848721e+00
   1.5840783e+00
   1.5832853e+00
   1.5824933e+00
   1.5817021e+00
   1.5809118e+00
   1.5801225e+00
   1.5793340e+00
   1.5785464e+00
   1.5777598e+00
   1.5769740e+00
   1.5761891e+00
   1.5754051e+00
   1.5746219e+00
   1.5738397e+00
   1.5730583e+00
   1.5722779e+00
   1.5714983e+00
   1.5707196e+00
   1.5699417e+00
   1.5691648e+00
   1.5683887e+00
   1.5676135e+00
   1.5668391e+00
   1.5660657e+00
   1.5652931e+00
   1.5645213e+00
   1.5637505e+00
   1.5629805e+00
   1.5622114e+00
   1.5614431e+00
   1.5606757e+00
   1.5599091e+00
   1.5591434e+00
   1.5583786e+00
   1.5576146e+00
   1.5568515e+00
   1.5560892e+00
   1.5553278e+00
   1.5545672e+00
   1.5538075e+00
   1.5530486e+00
   1.5522906e+00
   1.5515334e+00
   1.5507770e+00
   1.5500215e+00
   1.5492669e+00
   1.5485130e+00
   1.5477600e+00
   1.5470079e+00
   1.5462566e+00
   1.5455061e+00
   1.5447564e+00
   1.5440076e+00
   1.5432596e+00
   1.5425125e+00
   1.5417661e+00
   1.5410206e+00
   1.5402759e+00
   1.5395321e+00
   1.5387890e+00
   1.5380468e+00
   1.5373054e+00
   1.5365648e+00
   1.5358250e+00
   1.5350861e+00
   1.5343479e+00
   1.5336106e+00
   1.5328741e+00
   1.5321384e+00
   1.5314035e+00
   1.5306694e+00
   1.5299361e+00
   1.5292036e+00
   1.5284719e+00
   1.5277411e+00
   1.5270110e+00
   1.5262817e+00
   1.5255532e+00
   1.5248256e+00
   1.5240987e+00
   1.5233726e+00
   1.5226473e+00
   1.5219228e+00
   1.5211991e+00
   1.5204761e+00
   1.5197540e+00
   1.5190327e+00
   1.5183121e+00
   1.5175923e+00
   1.5168733e+00
   1.5161551e+00
   1.5154377e+00
   1.5147210e+00
   1.5140051e+00
   1.5132900e+00
   1.5125757e+00
   1.5118622e+00
   1.5111494e+00
   1.5104374e+00
   1.5097262e+00
   1.5090157e+00
   1.5083060e+00
   1.5075971e+00
   1.5068889e+00
   1.5061815e+00
   1.5054749e+00
   1.5047690e+00
   1.5040639e+00
   1.5033596e+00
   1.5026560e+00
   1.5019532e+00
   1.5012511e+00
   1.5005498e+00
   1.4998492e+00
   1.4991494e+00
   1.4984503e+00
   1.4977520e+00
   1.4970545e+00
   1.4963577e+00
   1.4956616e+00
   1.4949663e+00
   1.4942717e+00
   1.4935779e+00
   1.4928848e+00
   1.4921925e+00
   1.4915009e+00
   1.4908100e+00
   1.4901199e+00
   1.4894305e+00
   1.4887419e+00
   1.4880540e+00
   1.4873668e+00
   1.4866803e+00
   1.4859946e+00
   1.4853096e+00
   1.4846254e+00
   1.4839418e+00
   1.4832590e+00
   1.4825770e+00
   1.4818956e+00
   1.4812150e+00
   1.4805351e+00
   1.4798559e+00
   1.4791774e+00
   1.4784997e+00
   1.4778226e+00
   1.4771463e+00
   1.4764707e+00
   1.4757959e+00
   1.4751217e+00
   1.4744482e+00
   1.4737755e+00
   1.4731035e+00
   1.4724321e+00
   1.4717615e+00
   1.4710916e+00
   1.4704224e+00
   1.4697539e+00
   1.4690861e+00
   1.4684190e+00
   1.4677527e+00
   1.4670870e+00
   1.4664220e+00
   1.4657577e+00
   1.4650941e+00
   1.4644312e+00
   1.4637690e+00
   1.4631075e+00
   1.4624467e+00
   1.4617866e+00
   1.4611271e+00
   1.4604684e+00
   1.4598104e+00
   1.4591530e+00
   1.4584963e+00
   1.4578403e+00
   1.4571850e+00
   1.4565304e+00
   1.4558765e+00
   1.4552232e+00
   1.4545707e+00
   1.4539188e+00
   1.4532676e+00
   1.4526170e+00
   1.4519672e+00
   1.4513180e+00
   1.4506695e+00
   1.4500217e+00
   1.4493745e+00
   1.4487280e+00
   1.4480822e+00
   1.4474370e+00
   1.4467926e+00
   1.4461487e+00
   1.4455056e+00
   1.4448631e+00
   1.4442213e+00
   1.4435802e+00
   1.4429397e+00
   1.4422998e+00
   1.4416607e+00
   1.4410222e+00
   1.4403843e+00
   1.4397471e+00
   1.4391106e+00
   1.4384747e+00
   1.4378395e+00
   1.4372050e+00
   1.4365710e+00
   1.4359378e+00
   1.4353052e+00
   1.4346732e+00
   1.4340419e+00
   1.4334112e+00
   1.4327812e+00
   1.4321519e+00
   1.4315231e+00
   1.4308951e+00
   1.4302676e+00
   1.4296408e+00
   1.4290147e+00
   1.4283892e+00
   1.4277643e+00
   1.4271401e+00
   1.4265165e+00
   1.4258935e+00
   1.4252712e+00
   1.4246495e+00
   1.4240285e+00
   1.4234081e+00
   1.4227883e+00
   1.4221691e+00
   1.4215506e+00
   1.4209327e+00
   1.4203154e+00
   1.4196988e+00
   1.4190828e+00
   1.4184674e+00
   1.4178526e+00
   1.4172385e+00
   1.4166250e+00
   1.4160121e+00
   1.4153998e+00
   1.4147882e+00
   1.4141772e+00
   1.4135668e+00
   1.4129570e+00
   1.4123478e+00
   1.4117392e+00
   1.4111313e+00
   1.4105239e+00
   1.4099172e+00
   1.4093111e+00
   1.4087056e+00
   1.4081007e+00
   1.4074965e+00
   1.4068928e+00
   1.4062898e+00
   1.4056873e+00
   1.4050855e+00
   1.4044842e+00
   1.4038836e+00
   1.4032836e+00
   1.4026841e+00
   1.4020853e+00
   1.4014871e+00
   1.4008895e+00
   1.4002924e+00
   1.3996960e+00
   1.3991002e+00
   1.3985049e+00
   1.3979103e+00
   1.3973163e+00
   1.3967228e+00
   1.3961300e+00
   1.3955377e+00
   1.3949460e+00
   1.3943549e+00
   1.3937645e+00
   1.3931746e+00
   1.3925852e+00
   1.3919965e+00
   1.3914084e+00
   1.3908208e+00
   1.3902339e+00
   1.3896475e+00
   1.3890617e+00
   1.3884764e+00
   1.3878918e+00
   1.3873078e+00
   1.3867243e+00
   1.3861414e+00
   1.3855591e+00
   1.3849773e+00
   1.3843962e+00
   1.3838156e+00
   1.3832355e+00
   1.3826561e+00
   1.3820772e+00
   1.3814989e+00
   1.3809212e+00
   1.3803441e+00
   1.3797675e+00
   1.3791915e+00
   1.3786160e+00
   1.3780411e+00
   1.3774668e+00
   1.3768931e+00
   1.3763199e+00
   1.3757473e+00
   1.3751753e+00
   1.3746038e+00
   1.3740328e+00
   1.3734625e+00
   1.3728927e+00
   1.3723234e+00
   1.3717547e+00
   1.3711866e+00
   1.3706190e+00
   1.3700520e+00
   1.3694856e+00
   1.3689197e+00
   1.3683543e+00
   1.3677895e+00
   1.3672253e+00
   1.3666616e+00
   1.3660985e+00
   1.3655359e+00
   1.3649738e+00
   1.3644123e+00
   1.3638514e+00
   1.3632910e+00
   1.3627312e+00
   1.3621719e+00
   1.3616131e+00
   1.3610549e+00
   1.3604972e+00
   1.3599401e+00
   1.3593835e+00
   1.3588275e+00
   1.3582720e+00
   1.3577170e+00
   1.3571626e+00
   1.3566087e+00
   1.3560554e+00
   1.3555026e+00
   1.3549503e+00
   1.3543985e+00
   1.3538473e+00
   1.3532967e+00
   1.3527465e+00
   1.3521969e+00
   1.3516479e+00
   1.3510993e+00
   1.3505513e+00
   1.3500038e+00
   1.3494569e+00
   1.3489104e+00
   1.3483645e+00
   1.3478192e+00
   1.3472743e+00
   1.3467300e+00
   1.3461862e+00
   1.3456429e+00
   1.3451002e+00
   1.3445580e+00
   1.3440162e+00
   1.3434751e+00
   1.3429344e+00
   1.3423943e+00
   1.3418546e+00
   1.3413155e+00
   1.3407769e+00
   1.3402388e+00
   1.3397013e+00
   1.3391642e+00
   1.3386277e+00
   1.3380917e+00
   1.3375562e+00
   1.3370212e+00
   1.3364867e+00
   1.3359528e+00
   1.3354193e+00
   1.3348864e+00
   1.3343539e+00
   1.3338220e+00
   1.3332906e+00
   1.3327596e+00
   1.3322292e+00
   1.3316993e+00
   1.3311699e+00
   1.3306410e+00
   1.3301126e+00
   1.3295847e+00
   1.3290574e+00
   1.3285305e+00
   1.3280041e+00
   1.3274782e+00
   1.3269528e+00
   1.3264279e+00
   1.3259035e+00
   1.3253796e+00
   1.3248562e+00
   1.3243333e+00
   1.3238109e+00
   1.3232890e+00
   1.3227676e+00
   1.3222467e+00
   1.3217263e+00
   1.3212063e+00
   1.3206869e+00
   1.3201679e+00
   1.3196495e+00
   1.3191315e+00
   1.3186140e+00
   1.3180970e+00
   1.3175805e+00
   1.3170644e+00
   1.3165489e+00
   1.3160339e+00
   1.3155193e+00
   1.3150052e+00
   1.3144916e+00
   1.3139785e+00
   1.3134658e+00
   1.3129537e+00
   1.3124420e+00
   1.3119308e+00
   1.3114201e+00
   1.3109099e+00
   1.3104001e+00
   1.3098908e+00
   1.3093820e+00
   1.3088737e+00
   1.3083658e+00
   1.3078585e+00
   1.3073516e+00
   1.3068451e+00
   1.3063392e+00
   1.3058337e+00
   1.3053287e+00
   1.3048242e+00
   1.3043201e+00
   1.3038165e+00
   1.3033134e+00
   1.3028107e+00
   1.3023085e+00
   1.3018068e+00
   1.3013056e+00
   1.3008048e+00
   1.3003045e+00
   1.2998046e+00
   1.2993052e+00
   1.2988063e+00
   1.2983078e+00
   1.2978098e+00
   1.2973123e+00
   1.2968152e+00
   1.2963186e+00
   1.2958224e+00
   1.2953267e+00
   1.2948315e+00
   1.2943367e+00
   1.2938424e+00
   1.2933485e+00
   1.2928551e+00
   1.2923622e+00
   1.2918697e+00
   1.2913776e+00
   1.2908861e+00
   1.2903949e+00
   1.2899042e+00
   1.2894140e+00
   1.2889242e+00
   1.2884349e+00
   1.2879461e+00
   1.2874576e+00
   1.2869697e+00
   1.2864821e+00
   1.2859951e+00
   1.2855084e+00
   1.2850223e+00
   1.2845365e+00
   1.2840513e+00
   1.2835664e+00
   1.2830820e+00
   1.2825981e+00
   1.2821146e+00
   1.2816315e+00
   1.2811489e+00
   1.2806667e+00
   1.2801850e+00
   1.2797037e+00
   1.2792228e+00
   1.2787424e+00
   1.2782624e+00
   1.2777829e+00
   1.2773038e+00
   1.2768251e+00
   1.2763469e+00
   1.2758691e+00
   1.2753918e+00
   1.2749149e+00
   1.2744384e+00
   1.2739623e+00
   1.2734867e+00
   1.2730115e+00
   1.2725368e+00
   1.2720625e+00
   1.2715886e+00
   1.2711151e+00
   1.2706421e+00
   1.2701695e+00
   1.2696974e+00
   1.2692256e+00
   1.2687543e+00
   1.2682835e+00
   1.2678130e+00
   1.2673430e+00
   1.2668734e+00
   1.2664042e+00
   1.2659355e+00
   1.2654671e+00
   1.2649992e+00
   1.2645318e+00
   1.2640647e+00
   1.2635981e+00
   1.2631319e+00
   1.2626661e+00
   1.2622007e+00
   1.2617358e+00
   1.2612712e+00
   1.2608071e+00
   1.2603434e+00
   1.2598802e+00
   1.2594173e+00
   1.2589549e+00
   1.2584928e+00
   1.2580312e+00
   1.2575700e+00
   1.2571093e+00
   1.2566489e+00
   1.2561890e+00
   1.2557294e+00
   1.2552703e+00
   1.2548116e+00
   1.2543533e+00
   1.2538954e+00
   1.2534379e+00
   1.2529809e+00
   1.2525242e+00
   1.2520680e+00
   1.2516121e+00
   1.2511567e+00
   1.2507017e+00
   1.2502471e+00
   1.2497928e+00
   1.2493390e+00
   1.2488856e+00
   1.2484327e+00
   1.2479801e+00
   1.2475279e+00
   1.2470761e+00
   1.2466247e+00
   1.2461737e+00
   1.2457232e+00
   1.2452730e+00
   1.2448232e+00
   1.2443739e+00
   1.2439249e+00
   1.2434763e+00
   1.2430281e+00
   1.2425804e+00
   1.2421330e+00
   1.2416860e+00
   1.2412394e+00
   1.2407933e+00
   1.2403475e+00
   1.2399021e+00
   1.2394571e+00
   1.2390125e+00
   1.2385683e+00
   1.2381244e+00
   1.2376810e+00
   1.2372380e+00
   1.2367954e+00
   1.2363531e+00
   1.2359112e+00
   1.2354698e+00
   1.2350287e+00
   1.2345880e+00
   1.2341477e+00
   1.2337078e+00
   1.2332683e+00
   1.2328292e+00
   1.2323904e+00
   1.2319521e+00
   1.2315141e+00
   1.2310765e+00
   1.2306393e+00
   1.2302025e+00
   1.2297661e+00
   1.2293300e+00
   1.2288944e+00
   1.2284591e+00
   1.2280242e+00
   1.2275897e+00
   1.2271555e+00
   1.2267218e+00
   1.2262884e+00
   1.2258554e+00
   1.2254228e+00
   1.2249906e+00
   1.2245587e+00
   1.2241272e+00
   1.2236961e+00
   1.2232654e+00
   1.2228351e+00
   1.2224051e+00
   1.2219755e+00
   1.2215463e+00
   1.2211175e+00
   1.2206890e+00
   1.2202609e+00
   1.2198332e+00
   1.2194058e+00
   1.2189789e+00
   1.2185523e+00
   1.2181260e+00
   1.2177002e+00
   1.2172747e+00
   1.2168496e+00
   1.2164248e+00
   1.2160005e+00
   1.2155765e+00
   1.2151528e+00
   1.2147296e+00
   1.2143067e+00
   1.2138841e+00
   1.2134620e+00
   1.2130402e+00
   1.2126187e+00
   1.2121977e+00
   1.2117770e+00
   1.2113566e+00
   1.2109367e+00
   1.2105170e+00
   1.2100978e+00
   1.2096789e+00
   1.2092604e+00
   1.2088422e+00
   1.2084244e+00
