189.402450000000
189.857079177134
190.311672700035
190.766230555952
191.220752732133
191.675239215829
192.129689994288
192.584105054759
193.038484384492
193.492827970734
193.947135800735
194.401407861745
194.855644141011
195.309844625784
195.764009303312
196.218138160844
196.672231185629
197.126288364917
197.580309685955
198.034295135994
198.488244702282
198.942158372069
199.396036132602
199.849877971132
200.303683874907
200.757453831177
201.211187827189
201.664885850194
202.118547887441
202.572173926177
203.025763953653
203.479317957117
203.932835923819
204.386317841007
204.839763695931
205.293173475838
205.746547167980
206.199884759603
206.653186237959
207.106451590294
207.559680803859
208.012873865903
208.466030763674
208.919151484421
209.372236015394
209.825284343842
210.278296457013
210.731272342156
211.184211986521
211.637115377357
212.089982501912
212.542813347436
212.995607901178
213.448366150386
213.901088082310
214.353773684198
214.806422943300
215.259035846865
215.711612382141
216.164152536378
216.616656296825
217.069123650730
217.521554585343
217.973949087913
218.426307145689
218.878628745919
219.330913875853
219.783162522740
220.235374673829
220.687550316369
221.139689437608
221.591792024796
222.043858065182
222.495887546015
222.947880454544
223.399836778017
223.851756503685
224.303639618795
224.755486110597
225.207295966340
225.659069173274
226.110805718646
226.562505589706
227.014168773703
227.465795257886
227.917385029504
228.368938075806
228.820454384041
229.271933941458
229.723376735306
230.174782752834
230.626151981291
231.077484407926
231.528780019988
231.980038804727
232.431260749390
232.882445841228
233.333594067489
233.784705415422
234.235779872276
234.686817425300
235.137818061743
235.588781768855
236.039708533884
236.490598344079
236.941451186689
237.392267048964
237.843045918151
238.293787781501
238.744492626263
239.195160439684
239.645791209015
240.096384921504
240.546941564401
240.997461124954
241.447943590412
241.898388948024
242.348797185040
242.799168288709
243.249502246278
243.699799044998
244.150058672118
244.600281114886
245.050466360551
245.500614396363
245.950725209570
246.400798787422
246.850835117167
247.300834186055
247.750795981334
248.200720490254
248.650607700063
249.100457598011
249.550270171347
250.000045407319
250.449783293176
250.899483816168
251.349146963544
251.798772722553
252.248361080443
252.697912024463
253.147425541863
253.596901619892
254.046340245799
254.495741406832
254.945105090241
255.394431283275
255.843719973183
256.292971147213
256.742184792615
257.191360896637
257.640499446530
258.089600429541
258.538663832920
258.987689643916
259.436677849778
259.885628437754
260.334541395095
260.783416709048
261.232254366863
261.681054355789
262.129816663075
262.578541275969
263.027228181722
263.475877367582
263.924488820797
264.373062528617
264.821598478292
265.270096657069
265.718557052199
266.166979650929
266.615364440509
267.063711408189
267.512020541216
267.960291826840
268.408525252311
268.856720804876
269.304878471786
269.752998240289
270.201080097634
270.649124031070
271.097130027846
271.545098075211
271.993028160414
272.440920270705
272.888774393331
273.336590515543
273.784368624589
274.232108707719
274.679810752180
275.127474745223
275.575100674096
276.022688526048
276.470238288328
276.917749948186
277.365223492870
277.812658909629
278.260056185713
278.707415308370
279.154736264849
279.602019042400
280.049263628271
280.496470009711
280.943638173970
281.390768108296
281.837859799939
282.284913236147
282.731928404169
283.178905291255
283.625843884654
284.072744171613
284.519606139384
284.966429775213
285.413215066352
285.859962000047
286.306670563550
286.753340744107
287.199972528970
287.646565905386
288.093120860604
288.539637381874
288.986115456445
289.432555071565
289.878956214484
290.325318872451
290.771643032714
291.217928682523
291.664175809126
292.110384399774
292.556554441714
293.002685922195
293.448778828467
293.894833147779
294.340848867380
294.786825974519
295.232764456444
295.678664300405
296.124525493651
296.570348023430
297.016131876993
297.461877041587
297.907583504462
298.353251252867
298.798880274051
299.244470555263
299.690022083751
300.135534846766
300.581008831555
301.026444025368
301.471840415454
301.917197989063
302.362516733442
302.807796635841
303.253037683509
303.698239863695
304.143403163648
304.588527570617
305.033613071850
305.478659654599
305.923667306110
306.368636013633
306.813565764417
307.258456545711
307.703308344765
308.148121148826
308.592894945145
309.037629720970
309.482325463549
309.926982160133
310.371599797971
310.816178364310
311.260717846400
311.705218231491
312.149679506831
312.594101659669
313.038484677255
313.482828546836
313.927133255663
314.371398790984
314.815625140049
315.259812290106
315.703960228404
316.148068942192
316.592138418720
317.036168645236
317.480159608989
317.924111297229
318.368023697204
318.811896796163
319.255730581356
319.699525040032
320.143280159438
320.586995926826
321.030672329442
321.474309354537
321.917906989360
322.361465221159
322.804984037183
323.248463424682
323.691903370905
324.135303863100
324.578664888517
325.021986434404
325.465268488010
325.908511036586
326.351714067379
326.794877567638
327.238001524613
327.681085925553
328.124130757706
328.567136008322
329.010101664650
329.453027713938
329.895914143436
330.338760940393
330.781568092057
331.224335585678
331.667063408505
332.109751547787
332.552399990772
332.995008724710
333.437577736850
333.880107014441
334.322596544731
334.765046314971
335.207456312408
335.649826524292
336.092156937871
336.534447540396
336.976698319115
337.418909261276
337.861080354129
338.303211584924
338.745302940908
339.187354409331
339.629365977442
340.071337632490
340.513269361724
340.955161152392
341.397012991745
341.838824867031
342.280596765499
342.722328674398
343.164020580977
343.605672472485
344.047284336171
344.488856159284
344.930387929073
345.371879632788
345.813331257676
346.254742790988
346.696114219971
347.137445531876
347.578736713951
348.019987753445
348.461198637607
348.902369353687
349.343499888932
349.784590230593
350.225640365918
350.666650282157
351.107619966557
351.548549406369
351.989438588841
352.430287501223
352.871096130763
353.311864464710
353.752592490313
354.193280194822
354.633927565485
355.074534589551
355.515101254270
355.955627546890
356.396113454660
356.836558964830
357.276964064648
357.717328741364
358.157652982226
358.597936774484
359.038180105386
359.478382962182
359.918545332120
360.358667202449
360.798748560419
361.238789393279
361.678789688277
362.118749432662
362.558668613685
362.998547218592
363.438385234635
363.878182649061
364.317939449119
364.757655622059
365.197331155130
365.636966035581
366.076560250660
366.516113787616
366.955626633700
367.395098776159
367.834530202243
368.273920899200
368.713270854280
369.152580054732
369.591848487805
370.031076140747
370.470263000808
370.909409055237
371.348514291283
371.787578696195
372.226602257221
372.665584961611
373.104526796614
373.543427749479
373.982287807455
374.421106957791
374.859885187735
375.298622484538
375.737318835447
376.175974227712
376.614588648582
377.053162085306
377.491694525133
377.930185955313
378.368636363093
378.807045735723
379.245414060452
379.683741324529
380.122027515203
380.560272619723
380.998476625338
381.436639519297
381.874761288849
382.312841921244
382.750881403729
383.188879723555
383.626836867969
384.064752824222
384.502627579562
384.940461121238
385.378253436500
385.816004512595
386.253714336774
386.691382896285
387.129010178377
387.566596170299
388.004140859301
388.441644232631
388.879106277538
389.316526981271
389.753906331080
390.191244314212
390.628540917919
391.065796129447
391.503009936047
391.940182324967
392.377313283457
392.814402798765
393.251450858140
393.688457448832
394.125422558089
394.562346173161
394.999228281296
395.436068869743
395.872867925752
396.309625436571
396.746341389450
397.183015771638
397.619648570382
398.056239772934
398.492789366540
398.929297338452
399.365763675917
399.802188366184
400.238571396503
400.674912754123
401.111212426292
401.547470400260
401.983686663275
402.419861202587
402.855994005445
403.292085059098
403.728134350794
404.164141867782
404.600107597313
405.036031526634
405.471913642995
405.907753933644
406.343552385831
406.779308986805
407.215023723815
407.650696584110
408.086327554938
408.521916623549
408.957463777192
409.392969003116
409.828432288569
410.263853620802
410.699232987062
411.134570374599
411.569865770662
412.005119162500
412.440330537362
412.875499882497
413.310627185153
413.745712432581
414.180755612028
414.615756710745
415.050715715979
415.485632614980
415.920507394998
416.355340043280
416.790130547077
417.224878893636
417.659585070208
418.094249064040
418.528870862383
418.963450452485
419.397987821594
419.832482956961
420.266935845834
420.701346475462
421.135714833095
421.570040905980
422.004324681368
422.438566146506
422.872765288645
423.306922095033
423.741036552920
424.175108649553
424.609138372183
425.043125708058
425.477070644427
425.910973168540
426.344833267645
426.778650928991
427.212426139827
427.646158887403
428.079849158967
428.513496941768
428.947102223056
429.380664990079
429.814185230087
430.247662930328
430.681098078051
431.114490660505
431.547840664940
431.981148078605
432.414412888748
432.847635082618
433.280814647465
433.713951570538
434.147045839084
434.580097440355
435.013106361597
435.446072590062
435.878996112997
436.311876917651
436.744714991274
437.177510321115
437.610262894422
438.042972698445
438.475639720432
438.908263947633
439.340845367297
439.773383966672
440.205879733008
440.638332653554
441.070742715558
441.503109906270
441.935434212939
442.367715622813
442.799954123142
443.232149701175
443.664302344160
444.096412039348
444.528478773986
444.960502535324
445.392483310611
445.824421087095
446.256315852026
446.688167592654
447.119976296226
447.551741949991
447.983464541200
448.415144057101
448.846780484942
449.278373811974
449.709924025444
450.141431112602
450.572895060698
451.004315856979
451.435693488695
451.867027943095
452.298319207428
452.729567268943
453.160772114889
453.591933732515
454.023052109070
454.454127231804
454.885159087964
455.316147664800
455.747092949561
456.177994929497
456.608853591855
457.039668923886
457.470440912838
457.901169545960
458.331854810501
458.762496693710
459.193095182837
459.623650265129
460.054161927837
460.484630158209
460.915054943494
461.345436270942
461.775774127801
462.206068501320
462.636319378748
463.066526747334
463.496690594328
463.926810906978
464.356887672534
464.786920878244
465.216910511357
465.646856559122
466.076759008789
466.506617847606
466.936433062823
467.366204641688
467.795932571450
468.225616839359
468.655257432663
469.084854338612
469.514407544454
469.943917037439
470.373382804815
470.802804833832
471.232183111738
471.661517625782
472.090808363214
472.520055311283
472.949258457237
473.378417788326
473.807533291799
474.236604954904
474.665632764890
475.094616709007
475.523556774504
475.952452948630
476.381305218633
476.810113571763
477.238877995268
477.667598476398
478.096275002402
478.524907560528
478.953496138027
479.382040722146
479.810541300134
480.238997859242
480.667410386717
481.095778869809
481.524103295767
481.952383651839
482.380619925275
482.808812103325
483.236960173236
483.665064122258
484.093123937639
484.521139606630
484.949111116478
485.377038454434
485.804921607745
486.232760563661
486.660555309432
487.088305832305
487.516012119530
487.943674158356
488.371291936032
488.798865439807
489.226394656930
489.653879574650
490.081320180216
490.508716460877
490.936068403882
491.363375996480
491.790639225920
492.217858079451
492.645032544323
493.072162607783
493.499248257082
493.926289479468
494.353286262190
494.780238592497
495.207146457638
495.634009844862
496.060828741419
496.487603134557
496.914333011525
497.341018359572
497.767659165947
498.194255417900
498.620807102679
499.047314207533
499.473776719712
499.900194626464
500.326567915038
500.752896572683
501.179180586649
501.605419944184
502.031614632538
502.457764638958
502.883869950696
503.309930554998
503.735946439115
504.161917590296
504.587843995788
505.013725642843
505.439562518707
505.865354610632
506.291101905864
506.716804391654
507.142462055251
507.568074883903
507.993642864860
508.419165985370
508.844644232683
509.270077594047
509.695466056712
510.120809607926
510.546108234939
510.971361925000
511.396570665357
511.821734443260
512.246853245958
512.671927060699
513.096955874733
513.521939675308
513.946878449674
514.371772185080
514.796620868775
515.221424488007
515.646183030026
516.070896482081
516.495564831421
516.920188065294
517.344766170950
517.769299135638
518.193786946606
518.618229591105
519.042627056382
519.466979329688
519.891286398269
520.315548249377
520.739764870260
521.163936248167
521.588062370346
522.012143224048
522.436178796520
522.860169075012
523.284114046774
523.708013699053
524.131868019099
524.555676994161
524.979440611488
525.403158858329
525.826831721933
526.250459189550
526.674041248427
527.097577885814
527.521069088960
527.944514845115
528.367915141526
528.791269965444
529.214579304117
529.637843144793
530.061061474723
530.484234281156
530.907361551339
531.330443272522
531.753479431955
532.176470016886
532.599415014564
533.022314412238
533.445168197157
533.867976356571
534.290738877728
534.713455747877
535.136126954268
535.558752484148
535.981332324768
536.403866463377
536.826354887222
537.248797583554
537.671194539622
538.093545742674
538.515851179959
538.938110838726
539.360324706225
539.782492769704
540.204615016413
540.626691433600
541.048722008515
541.470706728406
541.892645580522
542.314538552113
542.736385630427
543.158186802714
543.579942056223
544.001651378202
544.423314755900
544.844932176567
545.266503627452
545.688029095803
546.109508568870
546.530942033901
546.952329478146
547.373670888854
547.794966253273
548.216215558653
548.637418792242
549.058575941290
549.479686993046
549.900751934759
550.321770753677
550.742743437050
551.163669972127
551.584550346156
552.005384546387
552.426172560069
552.846914374451
553.267609976781
553.688259354309
554.108862494284
554.529419383955
554.949930010571
555.370394361380
555.790812423633
556.211184184577
556.631509631462
557.051788751537
557.472021532051
557.892207960253
558.312348023392
558.732441708716
559.152489003476
559.572489894920
559.992444370296
560.412352416855
560.832214021844
561.252029172514
561.671797856113
562.091520059889
562.511195771093
562.930824976973
563.350407664777
563.769943821756
564.189433435158
564.608876492232
565.028272980227
565.447622886392
565.866926197977
566.286182902229
566.705392986399
567.124556437735
567.543673243486
567.962743390901
568.381766867230
568.800743659720
569.219673755622
569.638557142184
570.057393806656
570.476183736286
570.894926918323
571.313623340016
571.732272988614
572.150875851367
572.569431915523
572.987941168332
573.406403597042
573.824819188902
574.243187931162
574.661509811070
575.079784815875
575.498012932827
575.916194149174
576.334328452166
576.752415829051
577.170456267078
577.588449753497
578.006396275557
578.424295820506
578.842148375593
579.259953928068
579.677712465180
580.095423974177
580.513088442308
580.930705856823
581.348276204971
581.765799474001
582.183275651160
582.600704723700
583.018086678868
583.435421503914
583.852709186086
584.269949712635
584.687143070807
585.104289247854
585.521388231023
585.938440007563
586.355444564725
586.772401889756
587.189311969906
587.606174792424
588.022990344559
588.439758613559
588.856479586674
589.273153251153
589.689779594244
590.106358603198
590.522890265262
590.939374567686
591.355811497720
591.772201042610
592.188543189608
592.604837925962
593.021085238920
593.437285115733
593.853437543648
594.269542509915
594.685600001784
595.101610006502
595.517572511319
595.933487503485
596.349354970247
596.765174898855
597.180947276558
597.596672090606
598.012349328246
598.427978976728
598.843561023302
599.259095455215
599.674582259718
600.090021424059
600.505412935486
600.920756781250
601.336052948599
601.751301424783
602.166502197049
602.581655252648
602.996760578828
603.411818162837
603.826827991927
604.241790053344
604.656704334339
605.071570822160
605.486389504056
605.901160367276
606.315883399070
606.730558586686
607.145185917373
607.559765378381
607.974296956958
608.388780640353
608.803216415816
609.217604270595
609.631944191939
610.046236167098
610.460480183320
610.874676227854
611.288824287950
611.702924350857
612.116976403823
612.530980434097
612.944936428929
613.358844375567
613.772704261261
614.186516073259
614.600279798811
615.013995425165
615.427662939571
615.841282329278
616.254853581534
616.668376683588
617.081851622690
617.495278386089
617.908656961033
618.321987334772
618.735269494555
619.148503427630
619.561689121247
619.974826562655
620.387915739102
620.800956637838
621.213949246112
621.626893551172
622.039789540268
622.452637200649
622.865436519564
623.278187484261
623.690890081990
624.103544300000
624.516150125540
624.928707545858
625.341216548205
625.753677119828
626.166089247977
626.578452919901
626.990768122849
627.403034844069
627.815253070812
628.227422790325
628.639543989859
629.051616656661
629.463640777981
629.875616341069
630.287543333172
630.699421741540
631.111251553422
631.523032756067
631.934765336724
632.346449282642
632.758084581071
633.169671219258
633.581209184453
633.992698463906
634.404139044864
634.815530914578
635.226874060295
635.638168469266
636.049414128739
636.460611025963
636.871759148187
637.282858482661
637.693909016632
638.104910737351
638.515863632066
638.926767688026
639.337622892481
639.748429232678
640.159186695868
640.569895269299
640.980554940221
641.391165695881
641.801727523530
642.212240410417
642.622704343789
643.033119310897
643.443485298989
643.853802295315
644.264070287123
644.674289261662
645.084459206182
645.494580107931
645.904651954159
646.314674732114
646.724648429046
647.134573032202
647.544448528834
647.954274906189
648.364052151516
648.773780252065
649.183459195084
649.593088967823
650.002669557530
650.412200951455
650.821683136847
651.231116100954
651.640499831026
652.049834314311
652.459119538058
652.868355489518
653.277542155938
653.686679524568
654.095767582656
654.504806317452
654.913795716205
655.322735766163
655.731626454576
656.140467768693
656.549259695762
656.958002223034
657.366695337756
657.775339027177
658.183933278548
658.592478079116
659.000973416131
659.409419276842
659.817815648498
660.226162518347
660.634459873639
661.042707701624
661.450905989549
661.859054724664
662.267153894218
662.675203485459
663.083203485638
663.491153882002
663.899054661802
664.306905812285
664.714707320702
665.122459174300
665.530161360329
665.937813866039
666.345416678677
666.752969785493
667.160473173737
667.567926830656
667.975330743501
668.382684899519
668.789989285961
669.197243890074
669.604448699109
670.011603700314
670.418708880938
670.825764228230
671.232769729439
671.639725371815
672.046631142606
672.453487029060
672.860293018428
673.267049097958
673.673755254900
674.080411476501
674.487017750012
674.893574062681
675.300080401758
675.706536754490
676.112943108128
676.519299449921
676.925605767116
677.331862046964
677.738068276713
678.144224443613
678.550330534912
678.956386537859
679.362392439704
679.768348227695
680.174253889081
680.580109411112
680.985914781036
681.391669986103
681.797375013561
682.203029850660
682.608634484648
683.014188902775
683.419693092289
683.825147040440
684.230550734476
684.635904161646
685.041207309201
685.446460164387
685.851662714456
686.256814946655
686.661916848233
687.066968406441
687.471969608525
687.876920441737
688.281820893324
688.686670950535
689.091470600621
689.496219830829
689.900918628408
690.305566980609
690.710164874679
691.114712297868
691.519209237425
691.923655680598
692.328051614637
692.732397026791
693.136691904308
693.540936234439
693.945130004431
694.349273201534
694.753365812997
695.157407826069
695.561399227999
695.965340006035
696.369230147427
696.773069639424
697.176858469275
697.580596624230
697.984284091536
698.387920858442
698.791506912199
699.195042240055
699.598526829259
700.001960667060
700.405343740706
700.808676037448
701.211957544534
701.615188249213
702.018368138734
702.421497200345
702.824575421297
703.227602788838
703.630579290218
704.033504912684
704.436379643486
704.839203469874
705.241976379095
705.644698358400
706.047369395037
706.449989476255
706.852558589303
707.255076721431
707.657543859886
708.059959991919
708.462325104779
708.864639185713
709.266902221971
709.669114200803
710.071275109457
710.473384935183
710.875443665229
711.277451286844
711.679407787277
712.081313153778
712.483167373595
712.884970433977
713.286722322174
713.688423025434
714.090072531007
714.491670826141
714.893217898085
715.294713734089
715.696158321402
716.097551647271
716.498893698948
716.900184463679
717.301423928715
717.702612081305
718.103748908697
718.504834398141
718.905868536885
719.306851312179
719.707782711272
720.108662721412
720.509491329848
720.910268523830
721.310994290607
721.711668617427
722.112291491540
722.512862900195
722.913382830640
723.313851270125
723.714268205899
724.114633625210
724.514947515308
724.915209863442
725.315420656860
725.715579882812
726.115687528547
726.515743581314
726.915748028362
727.315700856939
727.715602054295
728.115451607679
728.515249504340
728.914995731526
729.314690276487
729.714333126473
730.113924268731
730.513463690511
730.912951379062
731.312387321633
731.711771505472
732.111103917830
732.510384545955
732.909613377095
733.308790398500
733.707915597420
734.106988961102
734.506010476797
734.904980131752
735.303897913218
735.702763808442
736.101577804675
736.500339889164
736.899050049160
737.297708271911
737.696314544665
738.094868854674
738.493371189184
738.891821535445
739.290219880706
739.688566212217
740.086860517225
740.485102782981
740.883292996733
741.281431145730
741.679517217222
742.077551198456
742.475533076683
742.873462839151
743.271340473110
743.669165965807
744.066939304493
744.464660476417
744.862329468826
745.259946268971
745.657510864100
746.055023241462
746.452483388307
746.849891291884
747.247246939440
747.644550318226
748.041801415491
748.439000218483
748.836146714450
749.233240890644
749.630282734312
750.027272232704
750.424209373068
750.821094142653
751.217926528709
751.614706518485
752.011434099229
752.408109258191
752.804731982618
753.201302259762
753.597820076870
753.994285421192
754.390698279977
754.787058640473
755.183366489929
755.579621815595
755.975824604720
756.371974844553
756.768072522342
757.164117625337
757.560110140786
757.956050055939
758.351937358045
758.747772034353
759.143554072111
759.539283458569
759.934960180976
760.330584226581
760.726155582632
761.121674236379
761.517140175071
761.912553385957
762.307913856286
762.703221573306
763.098476524267
763.493678696419
763.888828077008
764.283924653286
764.678968412501
765.073959341902
765.468897428737
765.863782660257
766.258615023710
766.653394506344
767.048121095409
767.442794778155
767.837415541829
768.231983373682
768.626498260961
769.020960190916
769.415369150797
769.809725127851
770.204028109329
770.598278082478
770.992475034549
771.386618952790
771.780709824450
772.174747636778
772.568732377023
772.962664032434
773.356542590261
773.750368037752
774.144140362155
774.537859550721
774.931525590699
775.325138469336
775.718698173883
776.112204691588
776.505658009699
776.899058115468
777.292404996142
777.685698638970
778.078939031201
778.472126160084
778.865260012869
779.258340576804
779.651367839139
780.044341787122
780.437262408002
780.830129689029
781.222943617451
781.615704180517
782.008411365477
782.401065159579
782.793665550073
783.186212524207
783.578706069231
783.971146172393
784.363532820942
784.755866002128
785.148145703200
785.540371911406
785.932544613996
786.324663798218
786.716729451322
787.108741560556
787.500700113170
787.892605096412
788.284456497532
788.676254303779
789.067998502401
789.459689080648
789.851326025769
790.242909325012
790.634438965627
791.025914934863
791.417337219968
791.808705808192
792.200020686784
792.591281842992
792.982489264066
793.373642937255
793.764742849808
794.155788988974
794.546781342001
794.937719896139
795.328604638637
795.719435556744
796.110212637708
796.500935868780
796.891605237207
797.282220730239
797.672782335125
798.063290039114
798.453743829455
798.844143693397
799.234489618189
799.624781591079
800.015019599318
800.405203630154
800.795333670835
801.185409708612
801.575431730732
801.965399724446
802.355313677002
802.745173575648
803.134979407635
803.524731160211
803.914428820625
804.304072376125
804.693661813963
805.083197121385
805.472678285641
805.862105293980
806.251478133652
806.640796791905
807.030061255988
807.419271513150
807.808427550640
808.197529355707
808.586576915601
808.975570217570
809.364509248863
809.753393996729
810.142224448418
810.531000591178
810.919722412258
811.308389898908
811.697003038375
812.085561817910
812.474066224762
812.862516246179
813.250911869410
813.639253081705
814.027539870311
814.415772222480
814.803950125459
815.192073566497
815.580142532843
815.968157011747
816.356116990458
816.744022456223
817.131873396294
817.519669797918
817.907411648344
818.295098934822
818.682731644601
819.070309764929
819.457833283055
819.845302186229
820.232716461700
820.620076096716
821.007381078527
821.394631394381
821.781827031528
822.168967977217
822.556054218696
822.943085743215
823.330062538023
823.716984590368
824.103851887500
824.490664416668
824.877422165120
825.264125120106
825.650773268875
826.037366598676
826.423905096757
826.810388750368
827.196817546758
827.583191473176
827.969510516870
828.355774665091
828.741983905086
829.128138224105
829.514237609397
829.900282048210
830.286271527795
830.672206035400
831.058085558273
831.443910083664
831.829679598822
832.215394090996
832.601053547436
832.986657955389
833.372207302105
833.757701574833
834.143140760822
834.528524847321
834.913853821579
835.299127670845
835.684346382368
836.069509943397
836.454618341181
836.839671562970
837.224669596011
837.609612427555
837.994500044849
838.379332435144
838.764109585688
839.148831483730
839.533498116519
839.918109471305
840.302665535335
840.687166295860
841.071611740128
841.456001855388
841.840336628889
842.224616047881
842.608840099612
842.993008771331
843.377122050287
843.761179923730
844.145182378908
844.529129403071
844.913020983466
845.296857107344
845.680637761954
846.064362934544
846.448032612363
846.831646782660
847.215205432685
847.598708549686
847.982156120913
848.365548133614
848.748884575039
849.132165432435
849.515390693054
849.898560344143
850.281674372952
850.664732766728
851.047735512723
851.430682598184
851.813574010360
852.196409736502
852.579189763856
852.961914079674
853.344582671202
853.727195525692
854.109752630391
854.492253972548
854.874699539414
855.257089318235
855.639423296263
856.021701460745
856.403923798931
856.786090298070
857.168200945410
857.550255728201
857.932254633692
858.314197649131
858.696084761769
859.077915958853
859.459691227632
859.841410555357
860.223073929275
860.604681336637
860.986232764690
861.367728200683
861.749167631867
862.130551045489
862.511878428800
862.893149769047
863.274365053480
863.655524269349
864.036627403901
864.417674444386
864.798665378052
865.179600192150
865.560478873928
865.941301410635
866.322067789519
866.702777997831
867.083432022819
867.464029851732
867.844571471818
868.225056870328
868.605486034510
868.985858951613
869.366175608886
869.746435993578
870.126640092938
870.506787894216
870.886879384659
871.266914551518
871.646893382041
872.026815863477
872.406681983075
872.786491728084
873.166245085754
873.545942043332
873.925582588069
874.305166707213
874.684694388014
875.064165617719
875.443580383579
875.822938672843
876.202240472758
876.581485770575
876.960674553542
877.339806808908
877.718882523923
878.097901685835
878.476864281894
878.855770299348
879.234619725446
879.613412547438
879.992148752572
880.370828328097
880.749451261263
881.128017539319
881.506527149513
881.884980079094
882.263376315312
882.641715845415
883.019998656653
883.398224736274
883.776394071528
884.154506649663
884.532562457929
884.910561483575
885.288503713849
885.666389136000
886.044217737279
886.421989504933
886.799704426211
887.177362488363
887.554963678638
887.932507984285
888.309995392552
888.687425890689
889.064799465944
889.442116105567
889.819375796807
890.196578526913
890.573724283133
890.950813052717
891.327844822914
891.704819580973
892.081737314142
892.458598009672
892.835401654810
893.212148236806
893.588837742908
893.965470160367
894.342045476430
894.718563678348
895.095024753368
895.471428688740
895.847775471713
896.224065089536
896.600297529458
896.976472778727
897.352590824594
897.728651654307
898.104655255115
898.480601614266
898.856490719011
899.232322556598
899.608097114276
899.983814379293
900.359474338900
900.735076980345
901.110622290877
901.486110257745
901.861540868198
902.236914109485
902.612229968856
902.987488433558
903.362689490842
903.737833127955
904.112919332148
904.487948090669
904.862919390768
905.237833219692
905.612689564692
905.987488413016
906.362229751913
906.736913568633
907.111539850423
907.486108584534
907.860619758214
908.235073358713
908.609469373279
908.983807789161
909.358088593608
909.732311773870
910.106477317196
910.480585210833
910.854635442032
911.228627998041
911.602562866110
911.976440033487
912.350259487422
912.724021215163
913.097725203959
913.471371441060
913.844959913715
914.218490609172
914.591963514680
914.965378617489
915.338735904847
915.712035364004
916.085276982209
916.458460746710
916.831586644756
917.204654663598
917.577664790482
917.950617012660
918.323511317379
918.696347691888
919.069126123438
919.441846599275
919.814509106651
920.187113632813
920.559660165011
920.932148690494
921.304579196510
921.676951670309
922.049266099140
922.421522470252
922.793720770893
923.165860988313
923.537943109761
923.909967122485
924.281933013736
924.653840770761
925.025690380810
925.397481831132
925.769215108976
926.140890201591
926.512507096225
926.884065780128
927.255566240550
927.627008464738
927.998392439942
928.369718153411
928.740985592394
929.112194744140
929.483345595898
929.854438134917
930.225472348445
930.596448223734
930.967365748029
931.338224908582
931.709025692641
932.079768087455
932.450452080274
932.821077658345
933.191644808918
933.562153519242
933.932603776567
934.302995568140
934.673328881212
935.043603703031
935.413820020846
935.783977821906
936.154077093460
936.524117822758
936.894099997048
937.264023603579
937.633888629600
938.003695062360
938.373442889109
938.743132097095
939.112762673567
939.482334605775
939.851847880967
940.221302486392
940.590698409299
940.960035636938
941.329314156557
941.698533955406
942.067695020733
942.436797339787
942.805840899818
943.174825688074
943.543751691804
943.912618898258
944.281427294684
944.650176868332
945.018867606450
945.387499496288
945.756072525094
946.124586680118
946.493041948608
946.861438317814
947.229775774984
947.598054307368
947.966273902215
948.334434546773
948.702536228291
949.070578934019
949.438562651206
949.806487367100
950.174353068951
950.542159744008
950.909907379519
951.277595962734
951.645225480902
952.012795921271
952.380307271091
952.747759517611
953.115152648079
953.482486649746
953.849761509858
954.216977215667
954.584133754421
954.951231113368
955.318269279758
955.685248240840
956.052167983862
956.419028496075
956.785829764726
957.152571777066
957.519254520342
957.885877981804
958.252442148700
958.618947008281
958.985392547795
959.351778754490
959.718105615617
960.084373118423
960.450581250159
960.816729998072
961.182819349412
961.548849291429
961.914819811370
962.280730896486
962.646582534024
963.012374711234
963.378107415366
963.743780633667
964.109394353388
964.474948561777
964.840443246083
965.205878393555
965.571253991442
965.936570026993
966.301826487457
966.667023360084
967.032160632122
967.397238290819
967.762256323427
968.127214717192
968.492113459364
968.856952537193
969.221731937927
969.586451648815
969.951111657107
970.315711950051
970.680252514896
971.044733338891
971.409154409286
971.773515713329
972.137817238269
972.502058971356
972.866240899838
973.230363010964
973.594425291984
973.958427730147
974.322370312700
974.686253026894
975.050075859977
975.413838799199
975.777541831809
976.141184945055
976.504768126186
976.868291362452
977.231754641101
977.595157949383
977.958501274546
978.321784603840
978.685007924514
979.048171223816
979.411274488995
979.774317707301
980.137300865983
980.500223952290
980.863086953470
981.225889856772
981.588632649447
981.951315318741
982.313937851906
982.676500236189
983.039002458840
983.401444507108
983.763826368241
984.126148029489
984.488409478101
984.850610701326
985.212751686412
985.574832420609
985.936852891166
986.298813085332
986.660712990355
987.022552593486
987.384331881972
987.746050843063
988.107709464008
988.469307732056
988.830845634455
989.192323158456
989.553740291306
989.915097020256
990.276393332553
990.637629215447
990.998804656187
991.359919642022
991.720974160201
992.081968197974
992.442901742588
992.803774781293
993.164587301338
993.525339289972
993.886030734444
994.246661622003
994.607231939899
994.967741675379
995.328190815694
995.688579348091
996.048907259821
996.409174538132
996.769381170273
997.129527143493
997.489612445041
997.849637062167
998.209600982118
998.569504192145
998.929346679496
999.289128431421
999.648849435167
1000.008509677985
1000.368109147123
1000.727647829830
1001.087125713356
1001.446542784948
1001.805899031858
1002.165194441332
1002.524429000621
1002.883602696973
1003.242715517638
1003.601767449863
1003.960758480900
1004.319688597995
1004.678557788399
1005.037366039361
1005.396113338129
1005.754799671952
1006.113425028080
1006.471989393761
1006.830492756245
1007.188935102780
1007.547316420616
1007.905636697001
1008.263895919184
1008.622094074416
1008.980231149943
1009.338307133017
1009.696322010885
1010.054275770796
1010.412168400000
1010.769999885746
1011.127770215282
1011.485479375858
1011.843127354722
1012.200714139125
1012.558239716313
1012.915704073538
1013.273107198047
1013.630449077090
1013.987729697915
1014.344949047773
1014.702107113910
1015.059203883578
1015.416239344025
1015.773213482499
1016.130126286250
1016.486977742527
1016.843767838579
1017.200496561654
1017.557163899003
1017.913769837872
1018.270314365514
1018.626797469174
1018.983219136104
1019.339579353552
1019.695878108766
1020.052115388997
1020.408291181492
1020.764405473501
1021.120458252273
1021.476449505057
1021.832379219102
1022.188247381657
1022.544053979971
1022.899799001294
1023.255482432873
1023.611104261958
1023.966664475798
1024.322163061642
1024.677600006739
1025.032975298338
1025.388288923689
1025.743540870039
1026.098731124639
1026.453859674737
1026.808926507582
1027.163931610423
